750
1
1
5
1A
1
asd
asd
asd
asd
adulto
1
1
1
5
2A
1
asd
asd
asd
asd
adulto
2
1
1
5
1B
1
asd
asd
asd
asd
nino
3
1
1
5
2B
1
qwe
qwe
qwe
qwe
adulto
13
1
1
5
3B
1
qwe
qwe
qwe
qwe
nino
14
1
2
5
1A
1
rty
rty
rty
rty
adulto
21
1
2
5
2A
0
1
2
5
1B
0
1
2
5
2B
0
1
2
5
3B
0
1
3
5
1A
1
asd
asd
asd
asd
adulto
4
1
3
5
2A
1
asd
asd
asd
asd
adulto
5
1
3
5
1B
1
asd
asd
asd
asd
nino
6
1
3
5
2B
0
1
3
5
3B
0
1
4
5
1A
1
qwe
qwe
qwe
qwe
adulto
15
1
4
5
2A
1
qwe
qwe
qwe
qwe
nino
16
1
4
5
1B
1
rty
rty
rty
rty
adulto
22
1
4
5
2B
0
1
4
5
3B
0
1
5
5
1A
1
rty
rty
rty
rty
adulto
23
1
5
5
2A
0
1
5
5
1B
0
1
5
5
2B
0
1
5
5
3B
0
1
6
5
1A
1
asd
asd
asd
asd
adulto
7
1
6
5
2A
1
asd
asd
asd
asd
adulto
8
1
6
5
1B
1
asd
asd
asd
asd
nino
9
1
6
5
2B
1
qwe
qwe
qwe
qwe
adulto
17
1
6
5
3B
1
qwe
qwe
qwe
qwe
nino
18
1
7
5
1A
0
1
7
5
2A
0
1
7
5
1B
0
1
7
5
2B
0
1
7
5
3B
0
1
8
5
1A
1
rty
rty
rty
rty
adulto
24
1
8
5
2A
0
1
8
5
1B
0
1
8
5
2B
0
1
8
5
3B
0
1
9
5
1A
0
1
9
5
2A
0
1
9
5
1B
0
1
9
5
2B
0
1
9
5
3B
0
1
10
5
1A
1
asd
asd
asd
asd
adulto
10
1
10
5
2A
1
asd
asd
asd
asd
adulto
11
1
10
5
1B
1
asd
asd
asd
asd
nino
12
1
10
5
2B
1
qwe
qwe
qwe
qwe
adulto
19
1
10
5
3B
1
qwe
qwe
qwe
qwe
nino
20
1
11
5
1A
0
1
11
5
2A
0
1
11
5
1B
0
1
11
5
2B
0
1
11
5
3B
0
1
12
5
1A
0
1
12
5
2A
0
1
12
5
1B
0
1
12
5
2B
0
1
12
5
3B
0
1
13
5
1A
0
1
13
5
2A
0
1
13
5
1B
0
1
13
5
2B
0
1
13
5
3B
0
1
14
5
1A
0
1
14
5
2A
0
1
14
5
1B
0
1
14
5
2B
0
1
14
5
3B
0
1
15
5
1A
0
1
15
5
2A
0
1
15
5
1B
0
1
15
5
2B
0
1
15
5
3B
0
2
16
5
1A
0
2
16
5
2A
0
2
16
5
1B
0
2
16
5
2B
0
2
16
5
3B
0
2
17
5
1A
0
2
17
5
2A
0
2
17
5
1B
0
2
17
5
2B
0
2
17
5
3B
0
2
18
5
1A
0
2
18
5
2A
0
2
18
5
1B
0
2
18
5
2B
0
2
18
5
3B
0
2
19
5
1A
0
2
19
5
2A
0
2
19
5
1B
0
2
19
5
2B
0
2
19
5
3B
0
2
20
5
1A
0
2
20
5
2A
0
2
20
5
1B
0
2
20
5
2B
0
2
20
5
3B
0
2
21
5
1A
0
2
21
5
2A
0
2
21
5
1B
0
2
21
5
2B
0
2
21
5
3B
0
2
22
5
1A
0
2
22
5
2A
0
2
22
5
1B
0
2
22
5
2B
0
2
22
5
3B
0
2
23
5
1A
0
2
23
5
2A
0
2
23
5
1B
0
2
23
5
2B
0
2
23
5
3B
0
2
24
5
1A
0
2
24
5
2A
0
2
24
5
1B
0
2
24
5
2B
0
2
24
5
3B
0
2
25
5
1A
0
2
25
5
2A
0
2
25
5
1B
0
2
25
5
2B
0
2
25
5
3B
0
2
26
5
1A
0
2
26
5
2A
0
2
26
5
1B
0
2
26
5
2B
0
2
26
5
3B
0
2
27
5
1A
0
2
27
5
2A
0
2
27
5
1B
0
2
27
5
2B
0
2
27
5
3B
0
2
28
5
1A
0
2
28
5
2A
0
2
28
5
1B
0
2
28
5
2B
0
2
28
5
3B
0
2
29
5
1A
0
2
29
5
2A
0
2
29
5
1B
0
2
29
5
2B
0
2
29
5
3B
0
2
30
5
1A
0
2
30
5
2A
0
2
30
5
1B
0
2
30
5
2B
0
2
30
5
3B
0
3
31
5
1A
0
3
31
5
2A
0
3
31
5
1B
0
3
31
5
2B
0
3
31
5
3B
0
3
32
5
1A
0
3
32
5
2A
0
3
32
5
1B
0
3
32
5
2B
0
3
32
5
3B
0
3
33
5
1A
0
3
33
5
2A
0
3
33
5
1B
0
3
33
5
2B
0
3
33
5
3B
0
3
34
5
1A
0
3
34
5
2A
0
3
34
5
1B
0
3
34
5
2B
0
3
34
5
3B
0
3
35
5
1A
0
3
35
5
2A
0
3
35
5
1B
0
3
35
5
2B
0
3
35
5
3B
0
3
36
5
1A
0
3
36
5
2A
0
3
36
5
1B
0
3
36
5
2B
0
3
36
5
3B
0
3
37
5
1A
0
3
37
5
2A
0
3
37
5
1B
0
3
37
5
2B
0
3
37
5
3B
0
3
38
5
1A
0
3
38
5
2A
0
3
38
5
1B
0
3
38
5
2B
0
3
38
5
3B
0
3
39
5
1A
0
3
39
5
2A
0
3
39
5
1B
0
3
39
5
2B
0
3
39
5
3B
0
3
40
5
1A
0
3
40
5
2A
0
3
40
5
1B
0
3
40
5
2B
0
3
40
5
3B
0
3
41
5
1A
0
3
41
5
2A
0
3
41
5
1B
0
3
41
5
2B
0
3
41
5
3B
0
3
42
5
1A
0
3
42
5
2A
0
3
42
5
1B
0
3
42
5
2B
0
3
42
5
3B
0
3
43
5
1A
0
3
43
5
2A
0
3
43
5
1B
0
3
43
5
2B
0
3
43
5
3B
0
3
44
5
1A
0
3
44
5
2A
0
3
44
5
1B
0
3
44
5
2B
0
3
44
5
3B
0
3
45
5
1A
0
3
45
5
2A
0
3
45
5
1B
0
3
45
5
2B
0
3
45
5
3B
0
4
46
5
1A
0
4
46
5
2A
0
4
46
5
1B
0
4
46
5
2B
0
4
46
5
3B
0
4
47
5
1A
0
4
47
5
2A
0
4
47
5
1B
0
4
47
5
2B
0
4
47
5
3B
0
4
48
5
1A
0
4
48
5
2A
0
4
48
5
1B
0
4
48
5
2B
0
4
48
5
3B
0
4
49
5
1A
0
4
49
5
2A
0
4
49
5
1B
0
4
49
5
2B
0
4
49
5
3B
0
4
50
5
1A
0
4
50
5
2A
0
4
50
5
1B
0
4
50
5
2B
0
4
50
5
3B
0
4
51
5
1A
0
4
51
5
2A
0
4
51
5
1B
0
4
51
5
2B
0
4
51
5
3B
0
4
52
5
1A
0
4
52
5
2A
0
4
52
5
1B
0
4
52
5
2B
0
4
52
5
3B
0
4
53
5
1A
0
4
53
5
2A
0
4
53
5
1B
0
4
53
5
2B
0
4
53
5
3B
0
4
54
5
1A
0
4
54
5
2A
0
4
54
5
1B
0
4
54
5
2B
0
4
54
5
3B
0
4
55
5
1A
0
4
55
5
2A
0
4
55
5
1B
0
4
55
5
2B
0
4
55
5
3B
0
4
56
5
1A
0
4
56
5
2A
0
4
56
5
1B
0
4
56
5
2B
0
4
56
5
3B
0
4
57
5
1A
0
4
57
5
2A
0
4
57
5
1B
0
4
57
5
2B
0
4
57
5
3B
0
4
58
5
1A
0
4
58
5
2A
0
4
58
5
1B
0
4
58
5
2B
0
4
58
5
3B
0
4
59
5
1A
0
4
59
5
2A
0
4
59
5
1B
0
4
59
5
2B
0
4
59
5
3B
0
4
60
5
1A
0
4
60
5
2A
0
4
60
5
1B
0
4
60
5
2B
0
4
60
5
3B
0
5
61
5
1A
0
5
61
5
2A
0
5
61
5
1B
0
5
61
5
2B
0
5
61
5
3B
0
5
62
5
1A
0
5
62
5
2A
0
5
62
5
1B
0
5
62
5
2B
0
5
62
5
3B
0
5
63
5
1A
0
5
63
5
2A
0
5
63
5
1B
0
5
63
5
2B
0
5
63
5
3B
0
5
64
5
1A
0
5
64
5
2A
0
5
64
5
1B
0
5
64
5
2B
0
5
64
5
3B
0
5
65
5
1A
0
5
65
5
2A
0
5
65
5
1B
0
5
65
5
2B
0
5
65
5
3B
0
5
66
5
1A
0
5
66
5
2A
0
5
66
5
1B
0
5
66
5
2B
0
5
66
5
3B
0
5
67
5
1A
0
5
67
5
2A
0
5
67
5
1B
0
5
67
5
2B
0
5
67
5
3B
0
5
68
5
1A
0
5
68
5
2A
0
5
68
5
1B
0
5
68
5
2B
0
5
68
5
3B
0
5
69
5
1A
0
5
69
5
2A
0
5
69
5
1B
0
5
69
5
2B
0
5
69
5
3B
0
5
70
5
1A
0
5
70
5
2A
0
5
70
5
1B
0
5
70
5
2B
0
5
70
5
3B
0
5
71
5
1A
0
5
71
5
2A
0
5
71
5
1B
0
5
71
5
2B
0
5
71
5
3B
0
5
72
5
1A
0
5
72
5
2A
0
5
72
5
1B
0
5
72
5
2B
0
5
72
5
3B
0
5
73
5
1A
0
5
73
5
2A
0
5
73
5
1B
0
5
73
5
2B
0
5
73
5
3B
0
5
74
5
1A
0
5
74
5
2A
0
5
74
5
1B
0
5
74
5
2B
0
5
74
5
3B
0
5
75
5
1A
0
5
75
5
2A
0
5
75
5
1B
0
5
75
5
2B
0
5
75
5
3B
0
6
76
5
1A
0
6
76
5
2A
0
6
76
5
1B
0
6
76
5
2B
0
6
76
5
3B
0
6
77
5
1A
0
6
77
5
2A
0
6
77
5
1B
0
6
77
5
2B
0
6
77
5
3B
0
6
78
5
1A
0
6
78
5
2A
0
6
78
5
1B
0
6
78
5
2B
0
6
78
5
3B
0
6
79
5
1A
0
6
79
5
2A
0
6
79
5
1B
0
6
79
5
2B
0
6
79
5
3B
0
6
80
5
1A
0
6
80
5
2A
0
6
80
5
1B
0
6
80
5
2B
0
6
80
5
3B
0
6
81
5
1A
0
6
81
5
2A
0
6
81
5
1B
0
6
81
5
2B
0
6
81
5
3B
0
6
82
5
1A
0
6
82
5
2A
0
6
82
5
1B
0
6
82
5
2B
0
6
82
5
3B
0
6
83
5
1A
0
6
83
5
2A
0
6
83
5
1B
0
6
83
5
2B
0
6
83
5
3B
0
6
84
5
1A
0
6
84
5
2A
0
6
84
5
1B
0
6
84
5
2B
0
6
84
5
3B
0
6
85
5
1A
0
6
85
5
2A
0
6
85
5
1B
0
6
85
5
2B
0
6
85
5
3B
0
6
86
5
1A
0
6
86
5
2A
0
6
86
5
1B
0
6
86
5
2B
0
6
86
5
3B
0
6
87
5
1A
0
6
87
5
2A
0
6
87
5
1B
0
6
87
5
2B
0
6
87
5
3B
0
6
88
5
1A
0
6
88
5
2A
0
6
88
5
1B
0
6
88
5
2B
0
6
88
5
3B
0
6
89
5
1A
0
6
89
5
2A
0
6
89
5
1B
0
6
89
5
2B
0
6
89
5
3B
0
6
90
5
1A
0
6
90
5
2A
0
6
90
5
1B
0
6
90
5
2B
0
6
90
5
3B
0
7
91
5
1A
0
7
91
5
2A
0
7
91
5
1B
0
7
91
5
2B
0
7
91
5
3B
0
7
92
5
1A
0
7
92
5
2A
0
7
92
5
1B
0
7
92
5
2B
0
7
92
5
3B
0
7
93
5
1A
0
7
93
5
2A
0
7
93
5
1B
0
7
93
5
2B
0
7
93
5
3B
0
7
94
5
1A
0
7
94
5
2A
0
7
94
5
1B
0
7
94
5
2B
0
7
94
5
3B
0
7
95
5
1A
0
7
95
5
2A
0
7
95
5
1B
0
7
95
5
2B
0
7
95
5
3B
0
7
96
5
1A
0
7
96
5
2A
0
7
96
5
1B
0
7
96
5
2B
0
7
96
5
3B
0
7
97
5
1A
0
7
97
5
2A
0
7
97
5
1B
0
7
97
5
2B
0
7
97
5
3B
0
7
98
5
1A
0
7
98
5
2A
0
7
98
5
1B
0
7
98
5
2B
0
7
98
5
3B
0
7
99
5
1A
0
7
99
5
2A
0
7
99
5
1B
0
7
99
5
2B
0
7
99
5
3B
0
7
100
5
1A
0
7
100
5
2A
0
7
100
5
1B
0
7
100
5
2B
0
7
100
5
3B
0
7
101
5
1A
0
7
101
5
2A
0
7
101
5
1B
0
7
101
5
2B
0
7
101
5
3B
0
7
102
5
1A
0
7
102
5
2A
0
7
102
5
1B
0
7
102
5
2B
0
7
102
5
3B
0
7
103
5
1A
0
7
103
5
2A
0
7
103
5
1B
0
7
103
5
2B
0
7
103
5
3B
0
7
104
5
1A
0
7
104
5
2A
0
7
104
5
1B
0
7
104
5
2B
0
7
104
5
3B
0
7
105
5
1A
0
7
105
5
2A
0
7
105
5
1B
0
7
105
5
2B
0
7
105
5
3B
0
8
106
5
1A
0
8
106
5
2A
0
8
106
5
1B
0
8
106
5
2B
0
8
106
5
3B
0
8
107
5
1A
0
8
107
5
2A
0
8
107
5
1B
0
8
107
5
2B
0
8
107
5
3B
0
8
108
5
1A
0
8
108
5
2A
0
8
108
5
1B
0
8
108
5
2B
0
8
108
5
3B
0
8
109
5
1A
0
8
109
5
2A
0
8
109
5
1B
0
8
109
5
2B
0
8
109
5
3B
0
8
110
5
1A
0
8
110
5
2A
0
8
110
5
1B
0
8
110
5
2B
0
8
110
5
3B
0
8
111
5
1A
0
8
111
5
2A
0
8
111
5
1B
0
8
111
5
2B
0
8
111
5
3B
0
8
112
5
1A
0
8
112
5
2A
0
8
112
5
1B
0
8
112
5
2B
0
8
112
5
3B
0
8
113
5
1A
0
8
113
5
2A
0
8
113
5
1B
0
8
113
5
2B
0
8
113
5
3B
0
8
114
5
1A
0
8
114
5
2A
0
8
114
5
1B
0
8
114
5
2B
0
8
114
5
3B
0
8
115
5
1A
0
8
115
5
2A
0
8
115
5
1B
0
8
115
5
2B
0
8
115
5
3B
0
8
116
5
1A
0
8
116
5
2A
0
8
116
5
1B
0
8
116
5
2B
0
8
116
5
3B
0
8
117
5
1A
0
8
117
5
2A
0
8
117
5
1B
0
8
117
5
2B
0
8
117
5
3B
0
8
118
5
1A
0
8
118
5
2A
0
8
118
5
1B
0
8
118
5
2B
0
8
118
5
3B
0
8
119
5
1A
0
8
119
5
2A
0
8
119
5
1B
0
8
119
5
2B
0
8
119
5
3B
0
8
120
5
1A
0
8
120
5
2A
0
8
120
5
1B
0
8
120
5
2B
0
8
120
5
3B
0
9
121
5
1A
0
9
121
5
2A
0
9
121
5
1B
0
9
121
5
2B
0
9
121
5
3B
0
9
122
5
1A
0
9
122
5
2A
0
9
122
5
1B
0
9
122
5
2B
0
9
122
5
3B
0
9
123
5
1A
0
9
123
5
2A
0
9
123
5
1B
0
9
123
5
2B
0
9
123
5
3B
0
9
124
5
1A
0
9
124
5
2A
0
9
124
5
1B
0
9
124
5
2B
0
9
124
5
3B
0
9
125
5
1A
0
9
125
5
2A
0
9
125
5
1B
0
9
125
5
2B
0
9
125
5
3B
0
9
126
5
1A
0
9
126
5
2A
0
9
126
5
1B
0
9
126
5
2B
0
9
126
5
3B
0
9
127
5
1A
0
9
127
5
2A
0
9
127
5
1B
0
9
127
5
2B
0
9
127
5
3B
0
9
128
5
1A
0
9
128
5
2A
0
9
128
5
1B
0
9
128
5
2B
0
9
128
5
3B
0
9
129
5
1A
0
9
129
5
2A
0
9
129
5
1B
0
9
129
5
2B
0
9
129
5
3B
0
9
130
5
1A
0
9
130
5
2A
0
9
130
5
1B
0
9
130
5
2B
0
9
130
5
3B
0
9
131
5
1A
0
9
131
5
2A
0
9
131
5
1B
0
9
131
5
2B
0
9
131
5
3B
0
9
132
5
1A
0
9
132
5
2A
0
9
132
5
1B
0
9
132
5
2B
0
9
132
5
3B
0
9
133
5
1A
0
9
133
5
2A
0
9
133
5
1B
0
9
133
5
2B
0
9
133
5
3B
0
9
134
5
1A
0
9
134
5
2A
0
9
134
5
1B
0
9
134
5
2B
0
9
134
5
3B
0
9
135
5
1A
0
9
135
5
2A
0
9
135
5
1B
0
9
135
5
2B
0
9
135
5
3B
0
10
136
5
1A
0
10
136
5
2A
0
10
136
5
1B
0
10
136
5
2B
0
10
136
5
3B
0
10
137
5
1A
0
10
137
5
2A
0
10
137
5
1B
0
10
137
5
2B
0
10
137
5
3B
0
10
138
5
1A
0
10
138
5
2A
0
10
138
5
1B
0
10
138
5
2B
0
10
138
5
3B
0
10
139
5
1A
0
10
139
5
2A
0
10
139
5
1B
0
10
139
5
2B
0
10
139
5
3B
0
10
140
5
1A
0
10
140
5
2A
0
10
140
5
1B
0
10
140
5
2B
0
10
140
5
3B
0
10
141
5
1A
0
10
141
5
2A
0
10
141
5
1B
0
10
141
5
2B
0
10
141
5
3B
0
10
142
5
1A
0
10
142
5
2A
0
10
142
5
1B
0
10
142
5
2B
0
10
142
5
3B
0
10
143
5
1A
0
10
143
5
2A
0
10
143
5
1B
0
10
143
5
2B
0
10
143
5
3B
0
10
144
5
1A
0
10
144
5
2A
0
10
144
5
1B
0
10
144
5
2B
0
10
144
5
3B
0
10
145
5
1A
0
10
145
5
2A
0
10
145
5
1B
0
10
145
5
2B
0
10
145
5
3B
0
10
146
5
1A
0
10
146
5
2A
0
10
146
5
1B
0
10
146
5
2B
0
10
146
5
3B
0
10
147
5
1A
0
10
147
5
2A
0
10
147
5
1B
0
10
147
5
2B
0
10
147
5
3B
0
10
148
5
1A
0
10
148
5
2A
0
10
148
5
1B
0
10
148
5
2B
0
10
148
5
3B
0
10
149
5
1A
0
10
149
5
2A
0
10
149
5
1B
0
10
149
5
2B
0
10
149
5
3B
0
10
150
5
1A
0
10
150
5
2A
0
10
150
5
1B
0
10
150
5
2B
0
10
150
5
3B
0
