24
1
1
12
1
1
23/11/2017
adulto
108000
1
1
12
2
1
23/11/2017
adulto
108000
1
1
12
3
1
23/11/2017
nino
90000
1
1
12
4
3
23/11/2017
adulto
153000
1
1
12
5
3
23/11/2017
adulto
153000
1
1
12
6
3
23/11/2017
nino
135000
1
1
12
7
6
23/11/2017
adulto
126000
1
1
12
8
6
23/11/2017
adulto
126000
1
1
12
9
6
23/11/2017
nino
99000
1
1
12
10
10
23/11/2017
adulto
144000
1
1
12
11
10
23/11/2017
adulto
144000
1
1
12
12
10
23/11/2017
nino
108000
1
2
8
13
1
23/11/2017
adulto
108000
1
2
8
14
1
23/11/2017
nino
90000
1
2
8
15
4
23/11/2017
adulto
180000
1
2
8
16
4
23/11/2017
nino
162000
1
2
8
17
6
23/11/2017
adulto
126000
1
2
8
18
6
23/11/2017
nino
99000
1
2
8
19
10
23/11/2017
adulto
144000
1
2
8
20
10
23/11/2017
nino
108000
1
3
4
21
2
23/11/2017
adulto
126000
1
3
4
22
4
23/11/2017
adulto
180000
1
3
4
23
5
23/11/2017
adulto
117000
1
3
4
24
8
23/11/2017
adulto
90000
