750
1
1
5
1A
1
asd
asd
asd
asd
adulto
1
1
1
5
2A
1
asd
asd
asd
asd
adulto
2
1
1
5
1B
1
asd
asd
asd
asd
nino
3
1
1
5
2B
1
qwe
qwe
qwe
qwe
adulto
13
1
1
5
3B
1
qwe
qwe
qwe
qwe
nino
14
1
2
5
1A
1
rty
rty
rty
rty
adulto
21
1
2
5
2A
0
1
2
5
1B
0
1
2
5
2B
0
1
2
5
3B
0
1
3
5
1A
1
asd
asd
asd
asd
adulto
4
1
3
5
2A
1
asd
asd
asd
asd
adulto
5
1
3
5
1B
1
asd
asd
asd
asd
nino
6
1
3
5
2B
0
1
3
5
3B
0
1
4
5
1A
1
qwe
qwe
qwe
qwe
adulto
15
1
4
5
2A
1
qwe
qwe
qwe
qwe
nino
16
1
4
5
1B
1
rty
rty
rty
rty
adulto
22
1
4
5
2B
0
1
4
5
3B
0
1
5
5
1A
1
rty
rty
rty
rty
adulto
23
1
5
5
2A
0
1
5
5
1B
0
1
5
5
2B
0
1
5
5
3B
0
1
6
5
1A
1
asd
asd
asd
asd
adulto
7
1
6
5
2A
1
asd
asd
asd
asd
adulto
8
1
6
5
1B
1
asd
asd
asd
asd
nino
9
1
6
5
2B
1
qwe
qwe
qwe
qwe
adulto
17
1
6
5
3B
1
qwe
qwe
qwe
qwe
nino
18
1
7
5
1A
0
1
7
5
2A
0
1
7
5
1B
0
1
7
5
2B
0
1
7
5
3B
0
1
8
5
1A
1
rty
rty
rty
rty
adulto
24
1
8
5
2A
0
1
8
5
1B
0
1
8
5
2B
0
1
8
5
3B
0
1
9
5
1A
0
1
9
5
2A
0
1
9
5
1B
0
1
9
5
2B
0
1
9
5
3B
0
1
10
5
1A
1
asd
asd
asd
asd
adulto
10
1
10
5
2A
1
asd
asd
asd
asd
adulto
11
1
10
5
1B
1
asd
asd
asd
asd
nino
12
1
10
5
2B
1
qwe
qwe
qwe
qwe
adulto
19
1
10
5
3B
1
qwe
qwe
qwe
qwe
nino
20
1
11
5
1A
0
1
11
5
2A
0
1
11
5
1B
0
1
11
5
2B
0
1
11
5
3B
0
1
12
5
1A
0
1
12
5
2A
0
1
12
5
1B
0
1
12
5
2B
0
1
12
5
3B
0
1
13
5
1A
0
1
13
5
2A
0
1
13
5
1B
0
1
13
5
2B
0
1
13
5
3B
0
1
14
5
1A
0
1
14
5
2A
0
1
14
5
1B
0
1
14
5
2B
0
1
14
5
3B
0
1
15
5
1A
0
1
15
5
2A
0
1
15
5
1B
0
1
15
5
2B
0
1
15
5
3B
0
2
16
5
1A
0
2
16
5
2A
0
2
16
5
1B
0
2
16
5
2B
0
2
16
5
3B
0
2
17
5
1A
0
2
17
5
2A
0
2
17
5
1B
0
2
17
5
2B
0
2
17
5
3B
0
2
18
5
1A
0
2
18
5
2A
0
2
18
5
1B
0
2
18
5
2B
0
2
18
5
3B
0
2
19
5
1A
0
2
19
5
2A
0
2
19
5
1B
0
2
19
5
2B
0
2
19
5
3B
0
2
20
5
1A
0
2
20
5
2A
0
2
20
5
1B
0
2
20
5
2B
0
2
20
5
3B
0
2
21
5
1A
0
2
21
5
2A
0
2
21
5
1B
0
2
21
5
2B
0
2
21
5
3B
0
2
22
5
1A
0
2
22
5
2A
0
2
22
5
1B
0
2
22
5
2B
0
2
22
5
3B
0
2
23
5
1A
0
2
23
5
2A
0
2
23
5
1B
0
2
23
5
2B
0
2
23
5
3B
0
2
24
5
1A
0
2
24
5
2A
0
2
24
5
1B
0
2
24
5
2B
0
2
24
5
3B
0
2
25
5
1A
0
2
25
5
2A
0
2
25
5
1B
0
2
25
5
2B
0
2
25
5
3B
0
2
26
5
1A
0
2
26
5
2A
0
2
26
5
1B
0
2
26
5
2B
0
2
26
5
3B
0
2
27
5
1A
0
2
27
5
2A
0
2
27
5
1B
0
2
27
5
2B
0
2
27
5
3B
0
2
28
5
1A
0
2
28
5
2A
0
2
28
5
1B
0
2
28
5
2B
0
2
28
5
3B
0
2
29
5
1A
0
2
29
5
2A
0
2
29
5
1B
0
2
29
5
2B
0
2
29
5
3B
0
2
30
5
1A
0
2
30
5
2A
0
2
30
5
1B
0
2
30
5
2B
0
2
30
5
3B
0
3
31
5
1A
0
3
31
5
2A
0
3
31
5
1B
0
3
31
5
2B
0
3
31
5
3B
0
3
32
5
1A
0
3
32
5
2A
0
3
32
5
1B
0
3
32
5
2B
0
3
32
5
3B
0
3
33
5
1A
0
3
33
5
2A
0
3
33
5
1B
0
3
33
5
2B
0
3
33
5
3B
0
3
34
5
1A
0
3
34
5
2A
0
3
34
5
1B
0
3
34
5
2B
0
3
34
5
3B
0
3
35
5
1A
0
3
35
5
2A
0
3
35
5
1B
0
3
35
5
2B
0
3
35
5
3B
0
3
36
5
1A
0
3
36
5
2A
0
3
36
5
1B
0
3
36
5
2B
0
3
36
5
3B
0
3
37
5
1A
0
3
37
5
2A
0
3
37
5
1B
0
3
37
5
2B
0
3
37
5
3B
0
3
38
5
1A
0
3
38
5
2A
0
3
38
5
1B
0
3
38
5
2B
0
3
38
5
3B
0
3
39
5
1A
0
3
39
5
2A
0
3
39
5
1B
0
3
39
5
2B
0
3
39
5
3B
0
3
40
5
1A
0
3
40
5
2A
0
3
40
5
1B
0
3
40
5
2B
0
3
40
5
3B
0
3
41
5
1A
0
3
41
5
2A
0
3
41
5
1B
0
3
41
5
2B
0
3
41
5
3B
0
3
42
5
1A
0
3
42
5
2A
0
3
42
5
1B
0
3
42
5
2B
0
3
42
5
3B
0
3
43
5
1A
0
3
43
5
2A
0
3
43
5
1B
0
3
43
5
2B
0
3
43
5
3B
0
3
44
5
1A
0
3
44
5
2A
0
3
44
5
1B
0
3
44
5
2B
0
3
44
5
3B
0
3
45
5
1A
0
3
45
5
2A
0
3
45
5
1B
0
3
45
5
2B
0
3
45
5
3B
0
4
46
5
1A
0
4
46
5
2A
0
4
46
5
1B
0
4
46
5
2B
0
4
46
5
3B
0
4
47
5
1A
0
4
47
5
2A
0
4
47
5
1B
0
4
47
5
2B
0
4
47
5
3B
0
4
48
5
1A
0
4
48
5
2A
0
4
48
5
1B
0
4
48
5
2B
0
4
48
5
3B
0
4
49
5
1A
0
4
49
5
2A
0
4
49
5
1B
0
4
49
5
2B
0
4
49
5
3B
0
4
50
5
1A
0
4
50
5
2A
0
4
50
5
1B
0
4
50
5
2B
0
4
50
5
3B
0
4
51
5
1A
0
4
51
5
2A
0
4
51
5
1B
0
4
51
5
2B
0
4
51
5
3B
0
4
52
5
1A
0
4
52
5
2A
0
4
52
5
1B
0
4
52
5
2B
0
4
52
5
3B
0
4
53
5
1A
0
4
53
5
2A
0
4
53
5
1B
0
4
53
5
2B
0
4
53
5
3B
0
4
54
5
1A
0
4
54
