20
1
1
2
1
1
2017
11
28
5
120000
100000
1
1
2
2
2
2017
11
29
5
140000
115000
1
2
2
3
3
2017
11
30
5
170000
150000
1
2
2
4
4
2017
12
7
5
200000
180000
1
3
3
5
5
2017
11
28
5
130000
110000
1
3
3
6
6
2017
11
30
5
140000
110000
1
3
3
7
7
2017
12
1
5
120000
100000
1
4
3
8
8
2017
11
30
5
100000
80000
1
4
3
9
9
2017
12
2
5
120000
90000
1
4
3
10
10
2017
12
7
5
160000
120000
2
6
2
11
1
2017
11
28
5
150000
100000
2
6
2
12
2
2017
11
29
5
110000
115000
2
7
2
13
3
2017
11
30
5
160000
150000
2
7
2
14
4
2017
12
7
5
210000
180000
2
8
3
15
5
2017
11
28
5
170000
110000
2
8
3
16
6
2017
11
30
5
100000
110000
2
8
3
17
7
2017
12
1
5
110000
100000
2
9
3
18
8
2017
11
30
5
90000
80000
2
9
3
19
9
2017
12
2
5
115000
90000
2
9
3
20
10
2017
12
7
5
145000
120000
