10
1
5
1
2
1
0
2
0
1
1
0
0
0
0
1
12-0
13-0
1
5
2
3
2
0
1
0
0
0
1
0
0
0
1
13-0
14-0
1
5
3
4
3
0
3
0
1
0
1
1
0
0
1
15-0
16-0
1
5
4
5
4
0
2
0
0
0
1
0
1
0
1
13-0
14-0
1
5
5
5
1
1
4
1
2
3
4
2
5
6
2
1
0
2
0
1
1
0
0
0
0
2
8-0
10-0
2
5
7
3
2
0
1
0
0
0
1
0
0
0
3
15-0
18-0
2
5
8
4
3
0
3
0
1
0
1
1
0
0
2
19-0
21-0
2
5
9
5
4
0
2
0
0
0
1
0
1
0
2
8-0
10-0
2
5
10
5
1
1
4
6
7
8
9
